0 0.08848877484346526 0.08848877746518412 0.08848877980876392 0.17148461341393825 0.08848878063803063 0.08848877727975803 0.08848878153425677 0.11127863763011249 0.09781529662484259 0.08848878076164803 
1 0.0750953724392952 0.08391329279573587 0.07509538581494188 0.2632407270061589 0.075095384507975 0.07509537747046137 0.07509538136076385 0.09443583606699658 0.08301026410221454 0.09992297843545676 
2 0.07908022318335435 0.10321890236995018 0.07908022874386893 0.07908021841456897 0.16296610927228083 0.1294680252234834 0.07908023132159103 0.07908022717882339 0.1298656042961737 0.07908022999590536 
3 0.08798160506012735 0.11483736072981664 0.08798160421000757 0.08798160241758642 0.1813097971196521 0.0879816066169732 0.08798160405637148 0.0879816031652821 0.08798161003793722 0.08798160658624599 
4 0.0882801927726778 0.08828020139522137 0.0882801958147193 0.177859298428605 0.08828019652384385 0.08828020077859129 0.08828020186797109 0.08828019851761436 0.09866148970474353 0.10551782419601247 
5 0.0549388266337251 0.16510636282240526 0.04712007059984014 0.23780787195227973 0.18720097535976193 0.05821601817597224 0.05498076212186589 0.07623965854723778 0.055986295147754626 0.062403158639157186 
6 0.06180843575579411 0.14577624720369317 0.05746836367034238 0.10892881595714157 0.12579378655496035 0.1461648789952461 0.05746834915930465 0.07958538308874634 0.12214091319447919 0.09486482642029198 
7 0.04154387312088373 0.16483171491823412 0.19652728433968966 0.09148006551807587 0.09124402183322254 0.09183470078163328 0.042178285155775874 0.06307429813493928 0.15060341846578776 0.06668233773175794 
8 0.07156617463974424 0.0889087233715592 0.3183717908546675 0.07635772009956408 0.07730196853680975 0.07156618451661874 0.07156617985103465 0.07817860519492313 0.07156618799497849 0.07461646494010003 
9 0.08773288630265279 0.0944662526887541 0.19076517488392014 0.09360682847076142 0.09476438103293351 0.08773289440702749 0.08773289562242842 0.08773289488195304 0.08773289714933968 0.08773289456022927 
10 0.0653650232018594 0.15056577268040386 0.08199230974281875 0.06108321794363249 0.06465121297341127 0.07865468556641352 0.06108322363600623 0.09579922568853329 0.2250492336177702 0.11575609494915112 
11 0.09575553560894012 0.10450151932582502 0.08948295639031248 0.08948295657782185 0.08948295642156404 0.08948296010403979 0.08948296121867887 0.08948295938004525 0.13591687162758503 0.1269283233451875 
12 0.20455728882595314 0.08700934037259138 0.08700933164120386 0.08700934143615952 0.09936800771232084 0.08700933470022816 0.08700933850881486 0.08700935354057884 0.08700933489268332 0.08700932836946607 
13 0.20455728882595314 0.08700934037259138 0.08700933164120386 0.08700934143615952 0.09936800771232084 0.08700933470022816 0.08700933850881486 0.08700935354057884 0.08700933489268332 0.08700932836946607 
14 0.054784673756134813 0.1357152108231843 0.23405918957286184 0.08497739794894293 0.08371927572768958 0.05701089736785135 0.054784663468784016 0.07047617593288794 0.11285577554804521 0.11161673985361795 
15 0.053145886132341634 0.0540032883851465 0.37993599380568854 0.16270422059416617 0.04847743236676724 0.08492518568944395 0.042727019526799845 0.06968906804897672 0.05748152158905893 0.046910383861610394 
16 0.0889273766323262 0.08892737513638864 0.10439787364412777 0.08892736849525436 0.08892737276048784 0.1591608599001432 0.08892737888917321 0.0889274051690223 0.11394961439197562 0.088927374981101 
17 0.06639766512983687 0.06639765744264514 0.10065870597771061 0.11651445436837617 0.06639764674859962 0.27311530938774875 0.06639765034677665 0.07805609894635995 0.09966715368754611 0.0663976579644002 
18 0.08935201840583723 0.08935201791694587 0.13691338837002368 0.08935202234817409 0.10897514254581062 0.1286473298621642 0.08935202348198604 0.08935201192542637 0.0893520257080022 0.0893520194356297 
19 0.07925178192168068 0.079251774946733 0.12143686327744506 0.17552050171243463 0.09665673078456832 0.11410519751431421 0.08137513331983871 0.09389844797430184 0.07925178562596863 0.0792517829227149 
20 0.07996023950453748 0.08934940556864489 0.07996025127060498 0.14463620672691 0.10157872620481817 0.07996023992807867 0.09075628694101785 0.11351906242424875 0.07996024561563167 0.14031933581550765 
21 0.06681500234577267 0.11319117012539384 0.2567809441361928 0.06681499851107582 0.07798583035711132 0.13413002409204852 0.076685070847833 0.06681499319850427 0.07396694352116297 0.06681502286490486 
22 0.0796500112600626 0.13493492190832945 0.1140102818874073 0.07965000988773532 0.09296673396704457 0.15989608044835862 0.0914161017735798 0.07965000561312145 0.08817582113121161 0.07965003212314915 
23 0.06066073419143092 0.15959519414528503 0.0606607382131483 0.09585367884517261 0.15971098781242307 0.06957565772850392 0.06397803132225649 0.06814125897429871 0.1950058501988352 0.06681786856864573 
24 0.07620437159791983 0.0762043720326163 0.07620436881231397 0.09227557450189552 0.10455597208318532 0.08740364433239609 0.08037168723805993 0.08560169858842398 0.2449739331339541 0.07620437767923492 
25 0.07682981392167026 0.0768298148831683 0.07683146997896573 0.0768298276017757 0.07682981752616988 0.10622770311861522 0.14889975715233422 0.07682981756194655 0.20706214568956435 0.07682983256578972 
26 0.07682981392167026 0.0768298148831683 0.07683146997896573 0.0768298276017757 0.07682981752616988 0.10622770311861522 0.14889975715233422 0.07682981756194655 0.20706214568956435 0.07682983256578972 
27 0.08784050420555317 0.08509900952473472 0.07955391257254096 0.10050789562572342 0.14845128311699315 0.15097184212989 0.07955391097033705 0.10891380936493882 0.07955391919899735 0.07955391329029127 
28 0.08870118706579963 0.09488385325254546 0.08870118235189983 0.09995758981225432 0.10462057711774349 0.16833088332071075 0.08870118124699895 0.08870118107661702 0.08870118463914801 0.08870118011628261 
29 0.0866525615698914 0.2108030684408507 0.08665256539816826 0.08665256553435204 0.08665256307295661 0.09597642087749016 0.08665256202888111 0.08665256385979611 0.08665256584202645 0.08665256337558717 
30 0.0866525615698914 0.2108030684408507 0.08665256539816826 0.08665256553435204 0.08665256307295661 0.09597642087749016 0.08665256202888111 0.08665256385979611 0.08665256584202645 0.08665256337558717 
31 0.08343498406557955 0.16501917457181922 0.14258222789640856 0.058286062822927934 0.11937781455105047 0.05712214145080313 0.09544448870698698 0.05712214228536464 0.1112151676679827 0.11039579598107678 
32 0.07457855642835984 0.38991204964287446 0.05938182268323534 0.059381820291353304 0.0681227205749382 0.05938182345402971 0.05938181346826838 0.05938180872598285 0.09022035544473672 0.08025722928622121 
33 0.09398003580469566 0.09454746941893362 0.08939140350217627 0.14153762146638 0.0893914039080309 0.09822597207096846 0.08939140170705004 0.12475188616847198 0.08939140352819261 0.08939140242510053 
34 0.09398003580469566 0.09454746941893362 0.08939140350217627 0.14153762146638 0.0893914039080309 0.09822597207096846 0.08939140170705004 0.12475188616847198 0.08939140352819261 0.08939140242510053 
35 0.1864413983145626 0.08555506346735119 0.15496749037828333 0.07789554203684491 0.07789554333360246 0.08258135209775089 0.08281431376323853 0.07789554000102628 0.09605821239865267 0.07789554420868713 
36 0.20782541778494548 0.08682982941332092 0.08682982499598409 0.08682982373244384 0.08682982024507287 0.09205307184822457 0.09231275036031131 0.0868298187237705 0.08682982202413747 0.0868298208717888 
37 0.10393814107029044 0.08920643889051753 0.08920641619930353 0.08920642204605514 0.14575971083177847 0.08920642075831585 0.08920643922283741 0.1258571479465598 0.08920642312609454 0.08920643990824717 
38 0.08253786279704574 0.10172484302464592 0.07083931756962586 0.0708393326282513 0.11574861066831713 0.1569494116272685 0.07083935161234993 0.09994384722696371 0.1597380797686048 0.07083934307692702 
39 0.07124961967619352 0.13329728487502154 0.08061713998123134 0.07124961564504359 0.15340705893408496 0.0747862459684928 0.08341802687981054 0.1306643945475675 0.07773278921033992 0.12357782428221423 
40 0.06481187458877496 0.12125322833600213 0.07333299101901267 0.11243627612873876 0.13954600569680672 0.06802895473528082 0.07588080275743764 0.11885825820442089 0.0913609533267614 0.13449065520676393 
41 0.08921815848882295 0.10258036079938754 0.08921816205134472 0.08921815534175573 0.0892181603272088 0.089218159008141 0.08921815449007421 0.08921815241280219 0.13691088320128247 0.13598165387918051 
42 0.05850079678581089 0.09658848250282204 0.058500807587088983 0.06341854827481049 0.058500808703993004 0.12961255252687834 0.058500821527959664 0.05850075945808022 0.20243267707046358 0.2154437455620927 
43 0.07899335207991744 0.15087088777094906 0.16779290378504375 0.0789933583332225 0.09976671518003717 0.0789933510867455 0.09164492344454328 0.08145378077382597 0.09249738184784698 0.07899334569786837 
44 0.037205206660963025 0.13916001682823176 0.17533401339247237 0.06411679943612851 0.09799932339958553 0.03720521717725434 0.05239392917705077 0.03836405233680767 0.32101624325088507 0.03720519834062097 
45 0.08971138539908792 0.08971137340440762 0.13288405716377213 0.11309809481802709 0.10295987151927413 0.08971137338352007 0.08971136696581847 0.08971137615634327 0.08971138478290493 0.11278971640684433 
46 0.08971138539908792 0.08971137340440762 0.13288405716377213 0.11309809481802709 0.10295987151927413 0.08971137338352007 0.08971136696581847 0.08971137615634327 0.08971138478290493 0.11278971640684433 
47 0.08385061068967568 0.056499152104981645 0.10254227520303094 0.0753457163933314 0.11704651251963731 0.22054735838205553 0.056499145938700444 0.09667296169613407 0.0856315888837337 0.10536467818871917 
48 0.11326730461397647 0.0634184008365251 0.06866126800382141 0.10939106931384168 0.13639810681920114 0.1883362579674518 0.06341839476780334 0.09678571214961763 0.0813184743459622 0.07900501118179919 
49 0.09467773077806978 0.20278945730059944 0.05922193985826812 0.05041763259149304 0.14918036618648672 0.09842224997517342 0.09103396964931912 0.06824049746772429 0.12420315888501213 0.061812997307853855 
50 0.14940147747338284 0.0977951253676252 0.09345221840907735 0.07955902656792652 0.0795590210293167 0.15531034304173813 0.09170848905780705 0.08083112814117445 0.09282415201286955 0.07955901889908223 
51 0.0748602189653699 0.07486022225959328 0.08716223927110904 0.0996438644117231 0.09837676188318398 0.07486022087392788 0.07486021397174585 0.07486022337509753 0.07486022557124657 0.2656558094170029 
52 0.0748602189653699 0.07486022225959328 0.08716223927110904 0.0996438644117231 0.09837676188318398 0.07486022087392788 0.07486021397174585 0.07486022337509753 0.07486022557124657 0.2656558094170029 
53 0.08961735772948048 0.08961736240860646 0.09368671353248265 0.11113190618728773 0.11665843902470696 0.08961736149573349 0.0896173563575629 0.0942403300522425 0.1361958115805365 0.08961736163136032 
54 0.06322592151802571 0.08520861829762746 0.06609690317480654 0.07840464439309257 0.08230368103783679 0.06322592268465957 0.06329859819679179 0.09330165497721567 0.33637865934204625 0.06855539637789752 
55 0.03818951250763415 0.4106626446369328 0.09098850133175095 0.045413579108293585 0.1746752035871981 0.07256377245430586 0.0469839632318689 0.03818950890650037 0.04302685698416579 0.039306457251349444 
56 0.06238427760916106 0.40453475276094714 0.062368835162137495 0.04346071038466016 0.1098195777372196 0.04720219934340163 0.051786084079641415 0.07333872171553422 0.09135249314849356 0.05375234805880367 
57 0.07560329519600585 0.29472436577463856 0.09589464475648628 0.0729187064556199 0.07291870870092201 0.07291871539438442 0.07291870512711415 0.0729187058189558 0.09626544757235897 0.07291870520351384 
58 0.09152744080698531 0.17443801202721507 0.11609271133091141 0.08827740542537281 0.08827740555897177 0.08827741170966226 0.08827740350874169 0.08827740344708065 0.08827740280991642 0.08827740337514274 
59 0.09101246454377776 0.07494641417704756 0.0699121830593798 0.06991218044680922 0.17505338359006825 0.131252246325256 0.06991216176408388 0.09323837297941616 0.06991217870509556 0.15484841440906583 
60 0.08892111702436364 0.03388611849118729 0.14988268179486594 0.03245402902832429 0.14429200596956143 0.130958480000219 0.06379016371491003 0.09608499217146124 0.15118189565865478 0.1085485161464523 
61 0.03817581067894196 0.14509508245267302 0.04727882251895605 0.16922983659941757 0.058897491030088935 0.03817581790084774 0.03817580749463748 0.038175812814403805 0.38153287824498816 0.04526264026504533 
62 0.07781799439320451 0.14046914573779518 0.07781799629110839 0.19278599762767135 0.08015196553278071 0.07781799150784718 0.07781799547577975 0.07781799084652512 0.11292053996364036 0.08458238262364748 
63 0.07856397732350043 0.09720398244250847 0.0912663179859187 0.07856396919266177 0.08069522976048966 0.15779660377640078 0.07856398307636653 0.08800380152434693 0.07856398278369288 0.17077815213411374 
64 0.07856397732350043 0.09720398244250847 0.0912663179859187 0.07856396919266177 0.08069522976048966 0.15779660377640078 0.07856398307636653 0.08800380152434693 0.07856398278369288 0.17077815213411374 
65 0.06191502138437389 0.16180864792284544 0.17897802087549738 0.0809194269197541 0.061915016973165475 0.06237058659435198 0.06191501505947957 0.09427649455965684 0.14383374557404466 0.09206802413683066 
66 0.0872705359067885 0.1111172004367545 0.12282361232164873 0.10954746454765064 0.13518513058801193 0.09217902946444789 0.0730693512872441 0.1004802119496333 0.07885811371625388 0.08946934978156663 
67 0.11804101081809391 0.07964625600289714 0.08304744563311195 0.07964625665657629 0.12136900259817295 0.14054266915208133 0.07964625185829335 0.1387686037032669 0.07964625522868143 0.07964624834882475 
68 0.08938365559773706 0.12339930975214732 0.08938365121696817 0.1070655420274872 0.09199531319767461 0.0893836522783421 0.0893836480224409 0.08938364976018048 0.1412379311131156 0.08938364703390642 
69 0.07861865193244577 0.10853760166125945 0.08474688516554142 0.15410144955378 0.08091577405695387 0.07861864958942741 0.08878305598464964 0.07861864675675488 0.1684406402676631 0.07861864503152466 
70 0.09094366837831899 0.0786140944778221 0.13742381309876983 0.08966350054055866 0.0786141064027293 0.09864897487865575 0.07861409669257832 0.08323293182313837 0.18563071109815626 0.07861410260927244 
71 0.09094366837831899 0.0786140944778221 0.13742381309876983 0.08966350054055866 0.0786141064027293 0.09864897487865575 0.07861409669257832 0.08323293182313837 0.18563071109815626 0.07861410260927244 
72 0.06865965605714097 0.06865965847103787 0.35830230438547833 0.07998756446097 0.0686596511574101 0.07508621349306616 0.07314332922310089 0.06865965421874272 0.07018231197235078 0.06865965656070223 
73 0.08773691777146875 0.0877369143906608 0.19016290594091137 0.10221231281215097 0.08773690990674955 0.0877369152179884 0.09346638944949272 0.08773691062172398 0.0877369097841825 0.08773691410467101 
74 0.08562045458388262 0.08562044319099342 0.0856204412473248 0.08562044826446708 0.2294160082110583 0.08562044061937035 0.08562043573528022 0.08562044643044121 0.08562044070907812 0.08562044100810406 
75 0.08562045458388262 0.08562044319099342 0.0856204412473248 0.08562044826446708 0.2294160082110583 0.08562044061937035 0.08562043573528022 0.08562044643044121 0.08562044070907812 0.08562044100810406 
76 0.11264626307264783 0.0896673567880278 0.2556662619511711 0.07531629899948625 0.07531629316001767 0.09012234693096806 0.07531629466810862 0.07531628903468766 0.07531629821475284 0.07531629718013225 
77 0.11264626307264783 0.0896673567880278 0.2556662619511711 0.07531629899948625 0.07531629316001767 0.09012234693096806 0.07531629466810862 0.07531628903468766 0.07531629821475284 0.07531629718013225 
78 0.08921697445217296 0.095275724234359 0.09518985434208688 0.08921697128437506 0.13043339422204284 0.08921697340316445 0.08921696981991772 0.0892169654161596 0.14379920225799592 0.08921697056772572 
79 0.0788819334252761 0.08423883096487177 0.10994700166367352 0.07888192578496582 0.1153237767633367 0.07888193199271785 0.11155328675921825 0.078881917814066 0.18452745979956134 0.07888193503231258 
80 0.07174528834655491 0.09292023856525015 0.0717452888226332 0.13045055117735527 0.1259327486189486 0.07174528879340034 0.07174529399685282 0.10350620532764364 0.13924981125005145 0.12095928510130965 
81 0.07398239919708754 0.3412542007271443 0.03391781025312605 0.015722769880236714 0.029256416879003985 0.07745300029075503 0.01973849380935483 0.03035392062673078 0.3198236002301996 0.05849738810636131 
82 0.08822447638902946 0.10179147072474207 0.1805008237766896 0.0882244835271529 0.08822448385581473 0.08822448041513642 0.08822447344134413 0.09637605849957628 0.08822448194546795 0.09198476742504652 
83 0.0780149396523677 0.17777208249439802 0.10024824912143764 0.07801493116511367 0.07801491978066039 0.08118513971788774 0.07801492156984041 0.09001005670927255 0.16070982945946463 0.0780149303295574 
84 0.07084745926954585 0.12566637960276533 0.13698964225553897 0.07084746470067611 0.07341039625756354 0.07529677421880994 0.0859265517781819 0.15712883754284795 0.12914645971431626 0.07474003465975423 
85 0.0791951615434372 0.13531994612247086 0.07919516205512112 0.07919515572591383 0.08206007175910532 0.08416871600653882 0.09605095794761712 0.0791951698686734 0.1230220684014779 0.1625975905696444 
86 0.08048290431469357 0.08759021522476829 0.09950179636182617 0.09665658000430111 0.10515345024816702 0.10257311746205795 0.11353459215725806 0.08048290988951246 0.15354152001615587 0.08048291432125952 
87 0.09003673102880587 0.09798771637191132 0.11131327438536592 0.10813032780553031 0.11763581750721604 0.11474918703651225 0.09003673269538903 0.09003673944557526 0.09003673718153757 0.09003673654215658 
88 0.07879353751753815 0.07879352972067977 0.10174965889350514 0.13826671244695285 0.07879351913529914 0.18108523469000656 0.07879351797494338 0.09262847082268812 0.09230228832095327 0.07879353047743363 
89 0.05184150893621193 0.07607555394530993 0.30783175433899596 0.058328806207337054 0.09352278010133247 0.10771656373595599 0.08434569956443887 0.05154103773041894 0.1172552550335057 0.051541040406493266 
90 0.03751985407747857 0.04910748083857213 0.2751113601935361 0.04482298731686684 0.13127769939789805 0.07184509659147696 0.03751986024493396 0.041550814897410415 0.2417555435686418 0.06948930287318521 
91 0.06972868788530849 0.18322242160117905 0.11150187675430405 0.06972868296611115 0.06972869275580124 0.06972868730896686 0.09860894978438799 0.06972868912728411 0.10120127265474943 0.1568220391619077 
92 0.06675034614178467 0.08508534958534168 0.07465605889669927 0.15131889633869183 0.14967137930662458 0.06532851803944112 0.137400830555499 0.06313488555340073 0.07108286540328804 0.13557087017922909 
93 0.07805556661197735 0.07805551580733777 0.1638463587534292 0.07805550947379802 0.07805550708395459 0.07805552911958588 0.09989717017813192 0.07805550398533642 0.09442848222144623 0.17349485676500268 
94 0.08788178876968204 0.0878817913069172 0.18447266285044125 0.08788178291767225 0.0878817829483646 0.0878817895062987 0.11247304474251645 0.08788178136259277 0.0878817881046809 0.08788178749083372 
95 0.06836787725090755 0.14609990313044668 0.07699280960648028 0.07303596610149772 0.3291774712640348 0.029078130686066253 0.0967335926179335 0.029078124548808187 0.07937077815057729 0.07206534664324776 
96 0.07740650576376633 0.0781968539158286 0.19310045971762832 0.08286674508012024 0.07740649994697027 0.10402844904828072 0.07740651304039406 0.07740650688116794 0.15477496009864464 0.07740650650719885 
97 0.07740650576376633 0.0781968539158286 0.19310045971762832 0.08286674508012024 0.07740649994697027 0.10402844904828072 0.07740651304039406 0.07740650688116794 0.15477496009864464 0.07740650650719885 
98 0.07006744693220013 0.20548032265175595 0.12322743438933897 0.07006745473429875 0.11129837492543464 0.10124413056588485 0.0784809974793616 0.07898877142852781 0.09107761796662914 0.07006744892656817 
99 0.08955101826275474 0.08955102024352579 0.13742528636174267 0.0895510342236005 0.12401140263791395 0.08955101250809387 0.10030410488298006 0.10095308859689914 0.08955101688664015 0.08955101539584936 
100 0.07718360943907268 0.20694757332893438 0.07718359817143866 0.07718359981126569 0.07718360018865054 0.1447939125415718 0.07718360143312203 0.0771835970078354 0.0942945891352608 0.09086231894284794 
101 0.058343063916122574 0.18250041121964158 0.05834306940408029 0.058343059233020446 0.05834306011598383 0.10944967084189217 0.058343067502312704 0.05834307152658883 0.2241163008606854 0.13387522537967217 
102 0.08938956416717114 0.14826278669452453 0.10327952452511074 0.08938955955717376 0.08938956182575031 0.1110682678003715 0.08938956492683212 0.08938956078511887 0.0893895669144383 0.10105204280350863 
103 0.08938956416717114 0.14826278669452453 0.10327952452511074 0.08938955955717376 0.08938956182575031 0.1110682678003715 0.08938956492683212 0.08938956078511887 0.0893895669144383 0.10105204280350863 
104 0.08748097104871304 0.08748097018306239 0.08748096790181836 0.087480966567698 0.1063907568493649 0.08748096775924061 0.08748096409804774 0.08748096343607964 0.08748097046821791 0.19376150168775758 
105 0.06549951565694974 0.13976596939075023 0.2700755922836872 0.06549952157406423 0.06549950983133754 0.0757886888937288 0.0700504205074153 0.06549950923657612 0.065499525192197 0.11682174743329367 
106 0.0889297873266644 0.1159810128344721 0.08892979562960221 0.08892979960507395 0.08892979262729292 0.10289957487186052 0.08892979451150082 0.08892979365221919 0.08892979732745991 0.15861085161385383 
107 0.08720044083712168 0.121998857492366 0.07897423534154441 0.08853962352313977 0.18526338422720653 0.0789742360816462 0.07897423192144679 0.10812019439598385 0.09298055988644101 0.07897423629310386 
108 0.07939456139618158 0.1226481572812681 0.0793945648159967 0.07939455550393286 0.1177226975294391 0.0793945579902307 0.13208216706495524 0.0793945506145221 0.1511796293973196 0.07939455840615413 
109 0.07084259204594653 0.10907409632161527 0.11180933883170516 0.12028061592380127 0.07084260478781475 0.07084260619395633 0.07314607771988943 0.07084259459019641 0.15520894935826032 0.14711052422681445 
110 0.07084259204594653 0.10907409632161527 0.11180933883170516 0.12028061592380127 0.07084260478781475 0.07084260619395633 0.07314607771988943 0.07084259459019641 0.15520894935826032 0.14711052422681445 
111 0.08752766884905086 0.1921052669034124 0.08752767235935495 0.08752767275165309 0.08752767419857094 0.08752767462143778 0.08752767146267348 0.08752766940438196 0.10767335374283829 0.08752767570662617 
112 0.08529972354968768 0.17365277229741116 0.1288747278223132 0.11484815911589395 0.08160576294540545 0.07912028490863514 0.0791202825230345 0.07912027571624387 0.09733089372545586 0.08102711739591939 
113 0.07465983245136902 0.07465983404626818 0.19145845788969737 0.0746598396262426 0.07465983382028792 0.0746598359584089 0.07465983382028792 0.07465984275954617 0.21126285107505563 0.07465983855283628 
114 0.056443624320073806 0.08163207155983308 0.14474464371008033 0.08030485665525626 0.05644363401544155 0.056443631367367374 0.0564436317747634 0.05644364356625107 0.3090948735117547 0.10200538951917829 
115 0.08558042145581768 0.08558042953570749 0.2297762018365004 0.0855804180186268 0.08558041757029758 0.08558042897778659 0.08558041728137428 0.08558041580686926 0.08558042419560762 0.08558042532141222 
116 0.06155199283042109 0.044695146894927165 0.098504517652718 0.07288828739591134 0.19362686827378445 0.08506356411473191 0.11091918723955116 0.057089452598410674 0.1886230892041381 0.08703789379540597 
117 0.08928445573487175 0.10841282227891175 0.0892844685195894 0.08928445648324541 0.08928446626407403 0.10702467787163651 0.08928446310427382 0.08928445101596016 0.1522249764458558 0.0966307622815815 
118 0.08330014692605212 0.08305304945589376 0.160863537732406 0.0925940442574846 0.07875746650655711 0.07875746565387957 0.07875746929380421 0.0835727949120065 0.0955777273519683 0.16476629790994773 
119 0.08330014692605212 0.08305304945589376 0.160863537732406 0.0925940442574846 0.07875746650655711 0.07875746565387957 0.07875746929380421 0.0835727949120065 0.0955777273519683 0.16476629790994773 
120 0.08656738297667495 0.21287752293370327 0.0865673784013676 0.08656736753753307 0.08656737611371403 0.08656737615402509 0.0865673792882113 0.08656737018798609 0.09458346929537119 0.08656737711141316 
121 0.07863804995551572 0.19337853289658172 0.07863804685208133 0.09659356776949159 0.10792497737962278 0.078638045936614 0.08254304330943668 0.0786380446274957 0.08591989007393362 0.11908780119922692 
122 0.07026776933446656 0.07564102224310817 0.0656066289471488 0.061430949557554355 0.06143094471241074 0.061430950730400974 0.061430948906767514 0.09616557275393389 0.3598049917149678 0.08679022109924125 
123 0.07889016554721194 0.06523640574798681 0.26276449255380824 0.06523641398803846 0.16440148732900323 0.10252537391498252 0.0652364141703069 0.06523641884853025 0.06523641355515093 0.06523641434498081 
124 0.05239893172542497 0.05310799025390086 0.22550850029948788 0.09637232370050151 0.1316324962648195 0.2586664311791896 0.04333010519733416 0.04333010794647128 0.05232301313606177 0.043330100296808505 
125 0.07929284565887491 0.11467794973668788 0.07929285723442704 0.11281345004323054 0.07929285782520487 0.07929285183434868 0.07929285467746681 0.07929286174833898 0.15345278969951484 0.14329868154190545 
126 0.08701316897406301 0.08986236032540797 0.13517124687626914 0.19883542676588178 0.06357253380823043 0.09848888507983455 0.08441090269917671 0.06357251655692837 0.09644072296956639 0.08263223594464171 
127 0.08701316897406301 0.08986236032540797 0.13517124687626914 0.19883542676588178 0.06357253380823043 0.09848888507983455 0.08441090269917671 0.06357251655692837 0.09644072296956639 0.08263223594464171 
128 0.08874992747815352 0.10678368830114379 0.08874993013343936 0.08874992577856398 0.08874992553059954 0.1662455831013012 0.10256969759915271 0.08874992499850921 0.0887499355266661 0.09190146155247049 
129 0.07875475971299603 0.09475751465098066 0.07875474591476488 0.07875474974251315 0.0787547415552578 0.14752270407014542 0.12145025312239291 0.07875474071636214 0.07875475881450648 0.16374103170008034 
130 0.0873377756924254 0.08733777758357211 0.19835616729409342 0.0873377759669467 0.08733777484852663 0.08733777481294051 0.09384580759317458 0.08733777643464966 0.09643359233244325 0.08733777744122773 
131 0.07839243105262828 0.14109858829977584 0.18275366740953092 0.07839244851082143 0.07839243835349267 0.08775147248537243 0.08423391949350784 0.07839244783549135 0.11220014705600033 0.07839243950337889 
132 0.08551048519204422 0.08551048958705793 0.08551048751647386 0.08551049142370584 0.08551048897484195 0.08551048952235216 0.08551049125447541 0.08551049357392786 0.0855104882630787 0.23040559469204225 
133 0.05747720773134292 0.0733185411512425 0.05747721360958671 0.057477195232131066 0.05747719438903657 0.05747721423521655 0.09094920678801684 0.05747719577412039 0.07553855901956857 0.41533047206973794 
134 0.08942252606119501 0.08942252381260217 0.08942252929875237 0.129221870446453 0.08942253021484581 0.11107126694915649 0.08956878419252373 0.08942252802871378 0.08942252570724983 0.13360291528850793 
135 0.08942252606119501 0.08942252381260217 0.08942252929875237 0.129221870446453 0.08942253021484581 0.11107126694915649 0.08956878419252373 0.08942252802871378 0.08942252570724983 0.13360291528850793 
136 0.07195318823894338 0.13822304932676288 0.07195320468192362 0.10055101031933125 0.1102389868589629 0.1085605295854683 0.07195319257794647 0.07195319076025596 0.12488315838120273 0.12973048926920266 
137 0.08904261917093437 0.09767341990873468 0.08904262511060969 0.08904261660018498 0.08904261858007663 0.13434446711982045 0.08904262772282304 0.08904261663128275 0.14468376680226 0.08904262235327344 
138 0.07770982823282191 0.07770984984066402 0.0777098504513107 0.17283775945370056 0.09367716718319619 0.17338795795431947 0.07770984751568344 0.0777098410925857 0.09383806262467159 0.07770983565104628 
139 0.0790110557355102 0.08771365107925601 0.07901104850120685 0.07901106056451151 0.09299284706954004 0.1348994674109669 0.08420093929602511 0.17696918845113593 0.07901105270473714 0.10717968918711034 
140 0.0790110557355102 0.08771365107925601 0.07901104850120685 0.07901106056451151 0.09299284706954004 0.1348994674109669 0.08420093929602511 0.17696918845113593 0.07901105270473714 0.10717968918711034 
141 0.07771412209884493 0.07771412137959934 0.07771411909972653 0.19486737310477403 0.12152832112386672 0.07771411876045974 0.07771412810612921 0.13370785893312054 0.08361171038657425 0.07771412700690472 
142 0.07771412209884493 0.07771412137959934 0.07771411909972653 0.19486737310477403 0.12152832112386672 0.07771411876045974 0.07771412810612921 0.13370785893312054 0.08361171038657425 0.07771412700690472 
143 0.06271197579850424 0.11747131676358327 0.24009133676422456 0.06420699890766966 0.06330176697096492 0.14423174554599869 0.06022217356913223 0.060222182087235045 0.08699084328726266 0.10054966030542484 
144 0.06271197579850424 0.11747131676358327 0.24009133676422456 0.06420699890766966 0.06330176697096492 0.14423174554599869 0.06022217356913223 0.060222182087235045 0.08699084328726266 0.10054966030542484 
145 0.09643789509579055 0.08074494750623318 0.10493511041018372 0.09859973749918843 0.14938569511865216 0.10186200843990392 0.08074495159051114 0.10767702217494365 0.08074495641738536 0.09886767574720798 
146 0.10951431761544435 0.08947170526530437 0.11332349498143507 0.08947170331753533 0.08947170397894355 0.08947170261446363 0.08947170510385828 0.08947170293214789 0.14263562621831904 0.09769633797254844 
147 0.08891277309034532 0.07264052663472645 0.09554438403600508 0.07264052051647046 0.0726405210069457 0.0726405244106748 0.07264052371724428 0.07264051754402147 0.3003817469555217 0.07931796208804476 
148 0.07843788639933758 0.1445646249182002 0.1071540993876078 0.09545103132059299 0.1805269253205432 0.07843787867876312 0.07843788061461378 0.08011388802885797 0.07843789330722066 0.07843789202426281 
149 0.07285134262619737 0.28493573859883836 0.07847038345896884 0.06990005863650926 0.16576220453360713 0.09708843744254185 0.057441109804901705 0.05866848775859389 0.05744111788951584 0.057441119250325696 
150 0.08923256073256085 0.08923257000907862 0.1240284521990103 0.08923256706926382 0.08923256380741994 0.08923256866902168 0.08923255866534147 0.10618652658663907 0.08923256449303042 0.1451570677686339 
151 0.08923256073256085 0.08923257000907862 0.1240284521990103 0.08923256706926382 0.08923256380741994 0.08923256866902168 0.08923255866534147 0.10618652658663907 0.08923256449303042 0.1451570677686339 
152 0.052264438862728226 0.14561667334878237 0.24148730397651758 0.0871117288714348 0.046638158300248665 0.04872378378397004 0.052325802822581736 0.05582792861026964 0.16664578519334208 0.10335839623012474 
153 0.059079606345626846 0.07754269060441019 0.29190484879325496 0.05771709895393375 0.10313742706574794 0.05771709337031651 0.08091561496015076 0.05771708929179018 0.14518482403033603 0.0690837065844327 
154 0.0759448382326848 0.07594493173666844 0.09477573497620286 0.10111737269802784 0.07594485061912684 0.08792941096641398 0.08519051398538868 0.07594483325512158 0.2512626643169801 0.07594484921338493 
155 0.08855574925482047 0.088555761935194 0.11051358353326447 0.08855575728572349 0.08855575549191454 0.08855575606923237 0.09933669998522776 0.08855575221357413 0.17025942975974964 0.08855575447129911 
156 0.08836435467804671 0.08836436680637903 0.1681997159030284 0.0883643575583969 0.08836436390545462 0.08836435592276945 0.08836435193142717 0.08836436291790589 0.0883643552026819 0.12488541517390994 
157 0.07695643623392825 0.15737882780620535 0.13107897002784222 0.06886283404652419 0.1909016633039879 0.06886283066748988 0.06886282490349101 0.06886283341320577 0.0709088859341962 0.0973238936631294 
158 0.08928305875849234 0.144567790160043 0.08928305624316471 0.12256874658482095 0.08928305883124976 0.08928306162721322 0.08928305337444403 0.10788205609286196 0.08928305863376536 0.0892830596939448 
159 0.07927996329677493 0.12837070687331 0.07927996870520494 0.1654082950111618 0.07927997585799264 0.07927997775002046 0.07927997424284698 0.107813741258162 0.12272742174644506 0.07927997525808139 
160 0.07692782347976432 0.20669299601464172 0.10342331362955208 0.07692780975982107 0.07692781918108732 0.07692780965235417 0.07692781246440498 0.07692779395323153 0.15138899357623323 0.07692782828890948 
161 0.07692782347976432 0.20669299601464172 0.10342331362955208 0.07692780975982107 0.07692781918108732 0.07692780965235417 0.07692781246440498 0.07692779395323153 0.15138899357623323 0.07692782828890948 
162 0.08088259571476095 0.0884137574552969 0.09159567281569776 0.08445604274565129 0.08088260895362065 0.0995421846608312 0.12813354471126887 0.12213202062063416 0.10017997725290201 0.12378159506933617 
163 0.054145688558480405 0.052089908736426604 0.27022595096077 0.10411433225838776 0.04742644336282945 0.14064676287787684 0.07513256762785231 0.09240629472002371 0.11098752826225419 0.052824522635098764 
164 0.07604758778260014 0.07604759118661886 0.18119731288032087 0.07604759471015465 0.19733033253172017 0.07604758717173593 0.07604758804376671 0.0891392202566706 0.07604759171337859 0.07604759372303341 
165 0.08685408808483308 0.08685409638102928 0.20694577259320374 0.08685409740225518 0.08685409288257227 0.0868540914619561 0.08685409478346798 0.09822147953331149 0.08685409491996846 0.0868540919574023 
166 0.06107403117704709 0.06930284549452315 0.14692229110911031 0.06107402284418276 0.08814558326013074 0.07969517107712086 0.21886794455869557 0.0757740754783906 0.13806998971049345 0.061074045290305426 
167 0.05540199782734475 0.048976146217849105 0.10655161331464318 0.08248220752947905 0.0614587433147972 0.08019282976841201 0.05746491631414387 0.044474991423809035 0.4024895871565998 0.060506967132921974 
168 0.08703549756841716 0.07555426600184371 0.07555426292775565 0.0844857285088925 0.13349527615571383 0.07555426959487671 0.07555428253771301 0.075554266723089 0.24165788032525193 0.07555426965644645 
169 0.08703549756841716 0.07555426600184371 0.07555426292775565 0.0844857285088925 0.13349527615571383 0.07555426959487671 0.07555428253771301 0.075554266723089 0.24165788032525193 0.07555426965644645 
170 0.10906629512302854 0.07814269166236493 0.08675362013979306 0.07814269395026213 0.08209404012691461 0.18070247158498295 0.07814268664081746 0.07814269395481063 0.1506701162463016 0.07814269057072415 
171 0.07026990939521105 0.10359024464302541 0.32960913750703774 0.06924976286278603 0.0528920583828188 0.11642410936801828 0.050346251572590206 0.05034625224954439 0.10022065685013898 0.05705161716882919 
172 0.0876264297940617 0.08762642997768076 0.08762643454775534 0.08762643558826343 0.19306421757664485 0.08762643061014642 0.08762643611871852 0.10592431714006485 0.0876264377508881 0.08762643089577608 
173 0.0876264297940617 0.08762642997768076 0.08762643454775534 0.08762643558826343 0.19306421757664485 0.08762643061014642 0.08762643611871852 0.10592431714006485 0.0876264377508881 0.08762643089577608 
174 0.052233381115449944 0.06656814401357264 0.2885442219112064 0.05837544718636683 0.2540618921020893 0.052233375110693994 0.05223337209463456 0.05223337423202344 0.06966608196451864 0.053850710269444234 
175 0.08879007590932737 0.08879007469995394 0.0887900772220661 0.09923081209964843 0.16166201190350651 0.08879007315464345 0.08879007302543689 0.08879007645716322 0.11757665090065579 0.08879007462759825 
176 0.08732445559295632 0.08732445144526733 0.08732444798886001 0.0873244525838486 0.09987245837475188 0.0873244474399012 0.08732444136069104 0.08732444245860857 0.2015319450273188 0.08732445772779632 
177 0.08732445559295632 0.08732445144526733 0.08732444798886001 0.0873244525838486 0.09987245837475188 0.0873244474399012 0.08732444136069104 0.08732444245860857 0.2015319450273188 0.08732445772779632 
178 0.07909572099737744 0.09106942003303259 0.18570244028010438 0.07909571044966707 0.07909571090085674 0.11945444201764185 0.09170230603162591 0.07909571106659989 0.10222362379702525 0.09346491442606894 
179 0.07909572099737744 0.09106942003303259 0.18570244028010438 0.07909571044966707 0.07909571090085674 0.11945444201764185 0.09170230603162591 0.07909571106659989 0.10222362379702525 0.09346491442606894 
180 0.08871645761828047 0.08871645598646358 0.08871646599425233 0.08871644897378257 0.14405699119251686 0.14621135797230567 0.08871645198954518 0.08871644730065405 0.0887164590125544 0.08871646395964504 
181 0.0713144978351363 0.07131448400383868 0.07131449689699898 0.07131447745763424 0.31195249703183286 0.11753161320832253 0.07131447778971814 0.07131447891050137 0.07131448737033974 0.07131448949567712 
182 0.08860458976044057 0.0886045873673764 0.0886045888011519 0.10469354438431501 0.1705500074154522 0.08860458895587589 0.10452432635492576 0.08860458429352687 0.0886045909982324 0.08860459166870299 
183 0.0403893168469875 0.08196106496129002 0.04483182707453807 0.047723262552134806 0.22107719936077103 0.043321852485235415 0.04764613346479423 0.040389313957648346 0.33137754135758307 0.10128248793901762 
184 0.13786607366525544 0.08896939618449887 0.08896939439266853 0.08896939352264688 0.08896939288566674 0.08896939559930572 0.08896939613789055 0.08896939234708191 0.14343312800607064 0.09591503725891465 
185 0.13786607366525544 0.08896939618449887 0.08896939439266853 0.08896939352264688 0.08896939288566674 0.08896939559930572 0.08896939613789055 0.08896939234708191 0.14343312800607064 0.09591503725891465 
186 0.07037530060870456 0.07560430463439882 0.10672677037553024 0.07037529517280634 0.07037529990003055 0.10786837479352324 0.1381452000228293 0.0703752948983488 0.18423821355623657 0.10591594603759158 
187 0.07190148452841262 0.07724387156890389 0.10904128929659739 0.09252957055795878 0.14700214718449484 0.07190149889626482 0.14114107303611106 0.07190152158433553 0.11822489667886514 0.0991126466680558 
188 0.06860298874075892 0.06860298102585927 0.0987270227187492 0.06860297744793507 0.06860297932474796 0.06860298671220343 0.07300626420257153 0.18397147708753095 0.12825460715225226 0.17302571558739133 
189 0.08562265014862651 0.08562265326854432 0.085622655880105 0.08562264239368751 0.08562264852387702 0.08562266201029547 0.08562265506274631 0.08562263785834431 0.2293961500877526 0.08562264476602094 
190 0.0666129484152663 0.06661295368075387 0.08508802101794859 0.1316050531023603 0.06661295650348964 0.09839397602767005 0.06661295211429066 0.0859538381785601 0.26589435034979486 0.06661295060986562 
191 0.07902092390537209 0.07902100811531747 0.10126520199945696 0.10521303996995471 0.0790209314855514 0.1758938182062023 0.0865424979266641 0.07902091367121127 0.13598073668903546 0.07902092803123416 
192 0.06199756944400688 0.05771247480333785 0.08817897168472559 0.06460033337532113 0.22682590206555717 0.2009560980026631 0.05677962322615834 0.051844829164370665 0.1392593924511361 0.05184480578272314 
193 0.07737654816434851 0.07737654944345837 0.09429145466620738 0.07737654849313377 0.09345346180310654 0.20851150519110914 0.07737654837152827 0.13667681520597252 0.08018402109580695 0.07737654756532876 
194 0.0799472341909449 0.13742520163533908 0.09742410584206991 0.07994724167849354 0.09655824925465312 0.07994724039411596 0.12473784953364503 0.1412176447651543 0.0828479925767202 0.07994724012886409 
195 0.08865875919778539 0.15239986527466887 0.0886587604260127 0.08865876388362755 0.08865876027119414 0.08865876450290185 0.1383300288788568 0.08865876187098605 0.08865877219222495 0.08865876350174172 
196 0.12537549476447762 0.05790760517660232 0.26422284525477424 0.05790759806786763 0.11452170469052274 0.05790760298903996 0.05790760131044825 0.0624624186862158 0.05790760690238346 0.14387952215766786 
